1 2 13 9 10 23 27 14 32 45 
2 9 10 20 27 40 41 
1 3 13 9 10 20 22 23 14 18 30 33 39 40 
1 2 13 5 8 9 10 11 12 20 23 26 27 14 15 17 18 28 30 32 34 36 39 40 42 41 
2 13 7 8 9 11 31 35 38 39 50 40 47 
1 2 13 28 
1 2 9 10 20 22 23 27 18 43 28 32 34 35 38 49 47 
2 7 8 9 10 11 20 21 23 24 26 17 18 29 35 38 39 48 49 50 40 47 42 41 
1 2 13 6 9 10 30 39 50 47 
6 21 16 
13 9 27 14 29 40 42 
1 2 3 13 6 7 8 9 10 20 22 23 24 26 27 14 17 18 43 29 30 32 31 35 37 38 50 40 47 42 45 41 
1 2 3 4 13 6 8 9 23 26 27 15 43 35 36 39 49 40 47 41 
1 2 3 7 8 9 12 22 15 16 28 30 31 36 37 38 39 40 42 
1 23 27 18 35 36 39 40 
1 2 7 9 10 20 14 18 32 35 
2 13 22 23 27 14 15 28 29 35 38 39 40 
1 3 6 7 9 10 12 20 22 25 26 14 16 17 43 28 31 35 36 37 39 49 40 42 45 41 
2 3 13 6 7 10 11 12 20 14 28 29 38 39 48 50 
3 13 7 10 11 12 20 24 18 29 37 48 40 42 
1 3 7 8 11 20 24 25 27 16 18 19 29 35 49 42 41 
2 4 8 10 12 28 37 50 42 41 
14 31 
2 3 4 13 5 8 9 10 12 14 15 16 18 28 29 30 34 31 36 37 38 48 49 
12 27 28 35 48 
12 27 28 35 48 
1 5 12 20 14 30 38 48 49 
1 3 4 13 6 7 11 20 21 26 14 15 16 17 18 28 30 35 
1 2 3 4 13 7 8 9 10 12 20 21 22 23 24 25 26 27 14 16 17 18 28 29 30 35 37 38 40 
1 2 3 4 13 8 9 10 11 20 21 22 23 24 25 26 27 14 17 18 29 32 31 35 37 38 39 48 49 40 47 41 
6 26 14 28 50 
2 23 18 28 35 
1 2 3 4 13 7 8 9 10 11 12 20 23 25 14 15 18 28 29 30 31 35 37 39 49 50 
1 2 3 4 13 9 10 20 23 25 14 16 18 29 35 37 39 49 50 41 
7 23 18 28 37 
1 2 3 4 13 5 6 7 8 9 10 11 12 20 21 22 23 24 25 26 27 14 15 16 17 18 43 28 29 30 32 33 34 31 35 36 37 38 39 48 49 50 40 47 42 44 45 46 41 
1 2 3 4 13 20 24 26 14 18 28 30 37 38 39 
1 13 6 10 23 24 14 15 16 18 29 30 35 37 38 50 
1 2 3 4 13 9 10 20 21 22 23 24 25 26 27 16 17 29 30 35 36 37 39 48 40 47 42 41 
1 3 4 13 5 9 10 12 20 21 23 24 26 27 15 16 17 28 29 30 35 37 38 39 50 40 41 
1 2 3 5 8 9 12 20 26 14 18 28 35 36 39 50 40 47 41 
13 21 14 30 38 
1 2 3 4 13 10 23 24 25 18 29 35 48 49 50 40 47 41 
2 13 6 7 9 10 21 22 26 14 16 28 29 30 36 39 49 
2 3 6 10 22 17 28 29 35 50 40 41 
1 13 8 10 23 25 27 18 28 29 35 38 40 47 41 
1 8 9 20 23 24 14 35 38 39 50 
1 2 23 14 28 35 37 40 41 
1 2 3 13 7 8 20 21 22 23 27 14 15 17 18 29 36 37 38 39 49 
1 2 3 13 24 14 17 28 37 39 49 
1 2 3 4 13 5 6 7 8 9 10 11 12 20 21 24 25 26 27 14 18 43 28 29 30 31 35 37 38 39 48 49 50 47 
1 2 3 4 13 5 6 7 8 9 10 11 12 20 21 24 25 26 27 14 18 43 28 29 30 31 35 37 38 39 48 49 50 47 
13 6 12 20 14 28 35 38 
9 23 17 29 50 
1 2 3 13 5 6 7 8 10 11 20 22 23 24 26 14 16 18 28 29 31 37 38 39 49 
8 20 16 28 38 
5 20 14 30 35 
11 22 16 28 35 
1 2 3 4 13 9 10 12 20 23 27 14 16 18 28 29 30 31 35 37 38 39 48 50 40 47 
1 2 3 13 5 6 7 8 10 11 20 22 23 24 26 14 16 18 28 29 31 37 38 39 48 49 50 
1 2 3 4 13 6 7 20 21 22 25 26 14 15 16 17 18 28 29 30 31 35 37 38 39 48 49 50 40 
1 3 6 8 9 10 11 12 20 22 23 27 14 18 28 35 39 50 40 42 45 41 
3 13 20 21 24 25 26 14 18 28 29 30 31 35 37 38 39 48 49 
10 20 14 16 28 40 
1 3 13 5 6 7 8 9 10 11 12 22 24 25 26 14 16 43 28 29 31 36 37 38 48 49 50 40 41 
1 2 13 7 8 9 12 26 27 14 15 16 18 28 36 37 50 44 
1 2 3 12 20 26 15 28 30 37 49 40 
3 12 20 26 14 15 18 28 30 31 35 37 39 48 40 
12 17 34 
2 3 13 7 8 10 12 20 23 24 27 14 16 17 28 29 31 35 36 37 38 39 48 50 40 46 41 
3 8 10 12 20 21 22 23 24 26 27 14 15 16 17 18 43 28 29 30 32 33 34 31 35 36 37 48 50 40 42 45 41 
1 2 3 5 7 10 23 27 15 29 35 40 
13 20 14 28 38 
1 2 3 5 11 12 20 22 27 15 17 18 29 32 31 35 37 39 
1 2 13 10 12 20 14 30 37 
1 2 3 13 7 9 23 24 25 27 14 17 18 29 34 35 39 41 
1 5 10 12 22 14 28 30 36 37 39 49 
1 2 3 13 10 12 20 24 14 28 30 37 38 39 50 
1 6 7 9 22 27 17 28 39 40 
2 13 20 24 14 18 28 30 37 38 39 
1 3 13 5 7 9 23 24 25 16 18 43 35 36 37 40 41 
1 2 13 7 9 10 12 20 21 22 24 25 26 27 14 15 16 28 29 31 35 36 37 38 39 50 40 42 45 41 
1 2 3 4 13 5 6 7 8 9 10 11 12 20 21 22 23 24 25 26 27 14 15 16 17 28 30 34 31 36 38 39 48 49 
1 5 7 10 20 22 23 24 14 18 28 29 36 38 42 
1 2 3 13 5 6 7 8 9 10 11 12 22 24 27 29 35 36 37 38 39 49 40 42 44 45 41 
2 3 13 7 10 12 22 23 24 25 14 16 18 28 29 38 39 49 40 42 41 
6 20 16 28 36 
1 2 3 13 5 6 7 8 9 10 11 12 14 15 16 17 18 43 28 29 30 32 33 34 31 35 37 38 39 45 
1 9 10 21 22 23 24 25 26 14 16 17 18 28 29 36 37 38 50 40 42 
2 20 23 27 29 42 
1 2 6 7 8 11 12 20 22 23 24 26 15 17 18 29 35 36 41 
22 18 29 50 
3 27 15 28 48 
1 6 8 11 20 21 22 23 24 25 26 27 17 18 28 32 31 35 38 39 40 42 41 
1 2 13 9 10 20 22 23 24 14 29 38 39 40 41 
1 5 9 10 22 25 26 18 28 30 35 37 38 40 41 
1 13 5 6 11 22 27 14 17 35 39 40 41 
2 6 8 10 20 22 24 26 17 18 28 30 35 36 37 38 39 45 
2 13 20 21 22 23 24 25 26 15 16 17 18 43 30 32 33 35 36 40 42 41 
1 2 3 10 12 20 27 15 29 31 35 37 39 48 
2 3 13 5 6 7 8 9 12 26 27 28 30 32 34 31 36 37 38 39 48 49 50 46 41 
2 9 24 14 16 43 37 39 40 41 
1 13 5 7 9 11 23 25 27 14 18 28 29 35 36 40 42 45 41 
1 3 9 12 20 26 27 15 16 28 29 35 37 48 
1 2 13 5 7 8 20 21 22 24 17 29 32 31 35 36 42 
1 2 7 11 21 22 24 16 18 28 29 30 36 39 50 41 
2 13 5 9 10 20 22 23 24 25 15 16 18 43 28 29 35 37 38 39 48 50 40 47 41 
1 2 13 5 7 10 23 27 16 18 29 30 31 37 39 48 50 
1 2 13 5 7 10 23 27 16 18 29 30 31 37 39 48 50 
1 2 7 8 10 12 20 22 15 30 32 35 36 37 39 48 50 44 
2 3 13 10 20 21 22 23 24 25 26 27 14 15 16 17 43 28 29 30 31 36 37 38 39 48 49 40 47 42 41 
6 21 17 28 39 
2 5 12 20 14 30 48 
13 16 28 35 
1 3 13 7 10 20 21 25 26 14 15 16 17 28 29 30 35 39 40 
1 20 18 34 35 49 
1 2 7 8 10 21 23 25 16 17 18 28 29 31 35 36 37 38 39 48 49 50 40 47 41 
1 2 3 8 10 20 23 24 25 14 17 18 28 29 35 36 37 38 39 48 49 50 40 47 41 
10 11 12 20 24 18 29 35 39 40 47 41 
1 13 7 23 18 33 47 42 41 
1 3 13 6 7 8 10 23 24 17 18 28 35 38 39 40 41 
2 3 13 5 6 10 11 23 26 14 16 17 18 29 35 38 49 40 
1 2 9 10 11 22 23 25 26 15 17 43 28 29 30 31 36 39 48 49 40 42 45 41 
1 2 7 10 11 20 21 22 23 24 26 27 14 15 16 17 18 43 29 31 35 37 38 39 49 50 40 47 42 41 
1 2 6 8 10 12 20 22 14 16 17 29 31 35 36 50 41 
2 13 35 
1 2 3 4 13 5 6 7 8 9 10 11 12 20 22 26 27 14 16 17 29 31 35 37 38 39 50 46 
1 3 7 10 12 22 23 24 27 14 15 17 28 29 30 34 35 37 38 39 48 
3 13 23 25 18 43 29 38 40 
2 3 4 13 5 12 20 22 23 24 26 27 14 18 43 29 30 31 38 39 50 47 41 
2 26 14 29 40 
1 2 3 4 13 5 6 7 8 9 10 11 12 40 
1 3 13 7 8 20 22 23 24 18 29 35 38 
13 20 24 25 15 16 28 30 36 37 38 49 40 
2 13 7 8 9 10 12 20 22 23 26 17 29 31 35 36 38 40 47 
1 3 10 17 29 35 38 
 22 26 16 18 33 50 37
 5 22 24 16 43 32 49 40
